ASP189 1 4 5 6 7 8 9 10 11
ALA190 13 16 18 19 20 21
CYS191 23 26 29 30 31
GLN192 33 35 36 37
SER195 38 39 40 41 42 43 44 45 46
VAL213 47 50 51 52 53 54 55 56 57 58 59 60 61
SER214 63 67 68
TRP215 70 74 75
GLY216 77 81 82
GLU217 84 88 89
GLY219 91 94 95
CYS220 98 99 102 103 104 105
GLY226 106 109 110 111
ILE227 113 117 118
TYR228 120 121 122 123 124 125 126 127 128 130 131 132 133 134 135 136 137 138
DIS27 27 100
PEP189 2 3 12 17
PEP190 14 15 22 28
PEP191 24 25 32 34
PEP213 48 49 62 66
PEP214 64 65 69 73
PEP215 71 72 76 80
PEP216 78 79 83 87
PEP217 85 86
PEP218 90 96
PEP219 92 93 97 101
PEP226 107 108 112 116
PEP227 114 115 119 129
HOH1 139 140 141
HOH2 142 143 144
