  ==> F-ISAPT: Links by Charge <==

   => Full Analysis <=

Frag1     Frag2         Elst     Exch    IndAB    IndBA     Disp    EDisp    Total 
ASP189    LIGAND      -6.949    0.747   -0.120   -3.536   -1.811    0.000  -11.668 
ALA190    LIGAND      -0.450    2.257   -0.024    0.198   -2.498    0.000   -0.517 
CYS191    LIGAND      -0.630    1.589   -0.029   -0.182   -1.880    0.000   -1.131 
GLN192    LIGAND       0.689    0.862   -0.160    0.081   -1.389    0.000    0.084 
SER195    LIGAND      -1.009    1.138   -0.132   -0.228   -1.584    0.000   -1.816 
VAL213    LIGAND      -0.558    3.274   -0.164   -0.075   -3.373    0.000   -0.896 
SER214    LIGAND       0.743    0.002   -0.006   -0.087   -0.140    0.000    0.513 
TRP215    LIGAND      -0.927    1.630   -0.012    0.011   -1.718    0.000   -1.016 
GLY216    LIGAND       0.075    1.159   -0.011   -0.110   -1.233    0.000   -0.121 
GLU217    LIGAND       0.188    0.000   -0.003    0.207   -0.094    0.000    0.299 
GLY219    LIGAND       1.114    0.012   -0.032    0.277   -0.234    0.000    1.138 
CYS220    LIGAND       0.140    0.087   -0.061    0.176   -0.556    0.000   -0.213 
GLY226    LIGAND      -1.423    2.962   -0.066   -0.186   -2.211    0.000   -0.925 
ILE227    LIGAND      -0.354    0.008   -0.001    0.075   -0.118    0.000   -0.390 
TYR228    LIGAND      -0.387    0.886   -0.025    0.162   -2.402    0.000   -1.765 
DIS27     LIGAND       3.229    2.243   -0.380    0.488   -3.033    0.000    2.547 
PEP189    LIGAND       0.545    0.019   -0.005    0.355   -0.376    0.000    0.539 
PEP190    LIGAND      -2.461    2.410   -0.043   -1.614   -2.998    0.000   -4.706 
PEP191    LIGAND      -2.839    0.806   -0.069   -0.088   -2.823    0.000   -5.014 
PEP213    LIGAND      -0.967    0.230   -0.046   -0.038   -0.798    0.000   -1.619 
PEP214    LIGAND      -2.568    1.045   -0.069    0.138   -2.210    0.000   -3.663 
PEP215    LIGAND       1.178    2.333   -0.031   -0.366   -4.443    0.000   -1.329 
PEP216    LIGAND      -3.321    2.643   -0.087   -0.475   -2.617    0.000   -3.858 
PEP217    LIGAND       0.720    0.001   -0.004    0.068   -0.098    0.000    0.687 
PEP218    LIGAND      -0.186    0.037   -0.012    0.066   -0.310    0.000   -0.405 
PEP219    LIGAND      -5.653    1.881   -0.303   -1.551   -2.326    0.000   -7.952 
PEP226    LIGAND      -0.440    1.147   -0.019    0.134   -1.397    0.000   -0.575 
PEP227    LIGAND      -0.043    1.202   -0.019    0.076   -1.328    0.000   -0.113 
HOH1      LIGAND       0.607    0.384   -0.028    0.258   -0.859    0.000    0.362 
HOH2      LIGAND       0.490    0.010   -0.002    0.209   -0.192    0.000    0.515 
Link-1    LIGAND      -0.230   -0.000   -0.002   -0.064   -0.045    0.000  -0.340 
Link-2    LIGAND       0.654    0.011   -0.013    0.109   -0.114    0.000   0.646 
Link-3    LIGAND      -0.258    0.028   -0.017    0.002   -0.269    0.000  -0.514 
Link-4    LIGAND      -0.046    0.070   -0.002    0.009   -0.313    0.000  -0.282 
Link-5    LIGAND       0.171    0.195   -0.003    0.264   -0.503    0.000   0.125 
Link-6    LIGAND      -0.137    0.000   -0.001   -0.039   -0.039    0.000  -0.216 
Link-7    LIGAND      -0.276    0.001   -0.001   -0.097   -0.048    0.000  -0.421 
Link-8    LIGAND      -0.269    0.000   -0.003   -0.002   -0.101    0.000  -0.375 
Link-9    LIGAND      -0.072    0.001   -0.004    0.015   -0.071    0.000  -0.130 
Link-10   LIGAND       0.127    0.039   -0.005    0.181   -0.366    0.000  -0.025 
Link-11   LIGAND       0.028    0.000   -0.000   -0.015   -0.021    0.000  -0.008 
Link-12   LIGAND      -0.185    0.006   -0.005   -0.060   -0.142    0.000  -0.386 
Link-13   LIGAND       0.032   -0.002   -0.001   -0.028   -0.146    0.000  -0.145 
Link-14   LIGAND      -0.020    0.001   -0.006    0.007   -0.061    0.000  -0.078 
Link-15   LIGAND      -0.338    0.020   -0.002   -0.179   -0.268    0.000  -0.768 
Link-16   LIGAND      -0.073    0.045   -0.001    0.061   -0.218    0.000  -0.187 
Link-17   LIGAND       0.131   -0.003   -0.001   -0.015   -0.084    0.000   0.029 
Link-18   LIGAND      -0.985    0.117   -0.049   -0.157   -0.404    0.000  -1.478 
Link-19   LIGAND      -0.438    0.001   -0.006   -0.047   -0.073    0.000  -0.564 
Link-20   LIGAND      -0.404    0.000   -0.013   -0.054   -0.157    0.000  -0.628 
Link-21   LIGAND      -0.073    0.000   -0.001   -0.047   -0.025    0.000  -0.145 
Link-22   LIGAND       0.160    0.063   -0.002    0.124   -0.344    0.000   0.001 
Link-23   LIGAND      -0.168    0.002   -0.001   -0.123   -0.094    0.000  -0.384 
Link-24   LIGAND      -0.298    0.010   -0.003   -0.106   -0.263    0.000  -0.660 
Link-25   LIGAND       0.791    0.126   -0.007    0.110   -0.320    0.000   0.701 
ASP189    All         -6.949    0.747   -0.120   -3.536   -1.811    0.000  -11.668 
ALA190    All         -0.450    2.257   -0.024    0.198   -2.498    0.000   -0.517 
CYS191    All         -0.630    1.589   -0.029   -0.182   -1.880    0.000   -1.131 
GLN192    All          0.689    0.862   -0.160    0.081   -1.389    0.000    0.084 
SER195    All         -1.009    1.138   -0.132   -0.228   -1.584    0.000   -1.816 
VAL213    All         -0.558    3.274   -0.164   -0.075   -3.373    0.000   -0.896 
SER214    All          0.743    0.002   -0.006   -0.087   -0.140    0.000    0.513 
TRP215    All         -0.927    1.630   -0.012    0.011   -1.718    0.000   -1.016 
GLY216    All          0.075    1.159   -0.011   -0.110   -1.233    0.000   -0.121 
GLU217    All          0.188    0.000   -0.003    0.207   -0.094    0.000    0.299 
GLY219    All          1.114    0.012   -0.032    0.277   -0.234    0.000    1.138 
CYS220    All          0.140    0.087   -0.061    0.176   -0.556    0.000   -0.213 
GLY226    All         -1.423    2.962   -0.066   -0.186   -2.211    0.000   -0.925 
ILE227    All         -0.354    0.008   -0.001    0.075   -0.118    0.000   -0.390 
TYR228    All         -0.387    0.886   -0.025    0.162   -2.402    0.000   -1.765 
DIS27     All          3.229    2.243   -0.380    0.488   -3.033    0.000    2.547 
PEP189    All          0.545    0.019   -0.005    0.355   -0.376    0.000    0.539 
PEP190    All         -2.461    2.410   -0.043   -1.614   -2.998    0.000   -4.706 
PEP191    All         -2.839    0.806   -0.069   -0.088   -2.823    0.000   -5.014 
PEP213    All         -0.967    0.230   -0.046   -0.038   -0.798    0.000   -1.619 
PEP214    All         -2.568    1.045   -0.069    0.138   -2.210    0.000   -3.663 
PEP215    All          1.178    2.333   -0.031   -0.366   -4.443    0.000   -1.329 
PEP216    All         -3.321    2.643   -0.087   -0.475   -2.617    0.000   -3.858 
PEP217    All          0.720    0.001   -0.004    0.068   -0.098    0.000    0.687 
PEP218    All         -0.186    0.037   -0.012    0.066   -0.310    0.000   -0.405 
PEP219    All         -5.653    1.881   -0.303   -1.551   -2.326    0.000   -7.952 
PEP226    All         -0.440    1.147   -0.019    0.134   -1.397    0.000   -0.575 
PEP227    All         -0.043    1.202   -0.019    0.076   -1.328    0.000   -0.113 
HOH1      All          0.607    0.384   -0.028    0.258   -0.859    0.000    0.362 
HOH2      All          0.490    0.010   -0.002    0.209   -0.192    0.000    0.515 
Link-1    All         -0.230   -0.000   -0.002   -0.064   -0.045    0.000   -0.340 
Link-2    All          0.654    0.011   -0.013    0.109   -0.114    0.000    0.646 
Link-3    All         -0.258    0.028   -0.017    0.002   -0.269    0.000   -0.514 
Link-4    All         -0.046    0.070   -0.002    0.009   -0.313    0.000   -0.282 
Link-5    All          0.171    0.195   -0.003    0.264   -0.503    0.000    0.125 
Link-6    All         -0.137    0.000   -0.001   -0.039   -0.039    0.000   -0.216 
Link-7    All         -0.276    0.001   -0.001   -0.097   -0.048    0.000   -0.421 
Link-8    All         -0.269    0.000   -0.003   -0.002   -0.101    0.000   -0.375 
Link-9    All         -0.072    0.001   -0.004    0.015   -0.071    0.000   -0.130 
Link-10   All          0.127    0.039   -0.005    0.181   -0.366    0.000   -0.025 
Link-11   All          0.028    0.000   -0.000   -0.015   -0.021    0.000   -0.008 
Link-12   All         -0.185    0.006   -0.005   -0.060   -0.142    0.000   -0.386 
Link-13   All          0.032   -0.002   -0.001   -0.028   -0.146    0.000   -0.145 
Link-14   All         -0.020    0.001   -0.006    0.007   -0.061    0.000   -0.078 
Link-15   All         -0.338    0.020   -0.002   -0.179   -0.268    0.000   -0.768 
Link-16   All         -0.073    0.045   -0.001    0.061   -0.218    0.000   -0.187 
Link-17   All          0.131   -0.003   -0.001   -0.015   -0.084    0.000    0.029 
Link-18   All         -0.985    0.117   -0.049   -0.157   -0.404    0.000   -1.478 
Link-19   All         -0.438    0.001   -0.006   -0.047   -0.073    0.000   -0.564 
Link-20   All         -0.404    0.000   -0.013   -0.054   -0.157    0.000   -0.628 
Link-21   All         -0.073    0.000   -0.001   -0.047   -0.025    0.000   -0.145 
Link-22   All          0.160    0.063   -0.002    0.124   -0.344    0.000    0.001 
Link-23   All         -0.168    0.002   -0.001   -0.123   -0.094    0.000   -0.384 
Link-24   All         -0.298    0.010   -0.003   -0.106   -0.263    0.000   -0.660 
Link-25   All          0.791    0.126   -0.007    0.110   -0.320    0.000    0.701 
All       LIGAND     -23.620   33.735   -2.112   -5.707  -51.536    0.000  -49.239 
All       All        -23.620   33.735   -2.112   -5.707  -51.536    0.000  -49.239 

   => Reduced Analysis <=

Frag1     Frag2         Elst     Exch    IndAB    IndBA     Disp    EDisp    Total 
ASP189    LIGAND      -6.984    0.747   -0.120   -3.558   -1.823    0.000  -11.737 
ALA190    LIGAND      -0.554    2.280   -0.025    0.176   -2.642    0.000   -0.766 
CYS191    LIGAND      -0.904    1.616   -0.040   -0.192   -2.248    0.000   -1.767 
GLN192    LIGAND       0.586    0.873   -0.166    0.082   -1.496    0.000   -0.121 
SER195    LIGAND      -1.009    1.138   -0.132   -0.228   -1.584    0.000   -1.816 
VAL213    LIGAND      -0.593    3.275   -0.165   -0.067   -3.407    0.000   -0.958 
SER214    LIGAND       0.542    0.006   -0.010   -0.117   -0.250    0.000    0.171 
TRP215    LIGAND      -0.862    1.755   -0.015    0.145   -2.094    0.000   -1.071 
GLY216    LIGAND      -0.007    1.189   -0.014   -0.112   -1.501    0.000   -0.444 
GLU217    LIGAND       0.008    0.001   -0.004    0.148   -0.133    0.000    0.020 
GLY219    LIGAND       1.261    0.018   -0.040    0.312   -0.321    0.000    1.229 
CYS220    LIGAND      -0.344    0.144   -0.086    0.103   -0.775    0.000   -0.959 
GLY226    LIGAND      -1.044    3.022   -0.070   -0.133   -2.365    0.000   -0.590 
ILE227    LIGAND      -0.277    0.006   -0.002    0.056   -0.221    0.000   -0.438 
TYR228    LIGAND      -0.375    0.886   -0.025    0.156   -2.411    0.000   -1.768 
DIS27     LIGAND       2.515    2.303   -0.412    0.379   -3.321    0.000    1.465 
PEP189    LIGAND       0.409    0.020   -0.006    0.259   -0.444    0.000    0.238 
PEP190    LIGAND      -2.698    2.444   -0.045   -1.688   -3.269    0.000   -5.255 
PEP191    LIGAND      -2.930    0.842   -0.082    0.004   -3.170    0.000   -5.335 
PEP213    LIGAND      -1.163    0.231   -0.050   -0.031   -0.894    0.000   -1.907 
PEP214    LIGAND      -2.689    1.089   -0.073    0.112   -2.465    0.000   -4.026 
PEP215    LIGAND       1.360    2.470   -0.034   -0.158   -4.903    0.000   -1.266 
PEP216    LIGAND      -3.637    2.649   -0.090   -0.587   -2.779    0.000   -4.443 
PEP217    LIGAND       0.556    0.001   -0.005    0.022   -0.137    0.000    0.437 
PEP218    LIGAND      -0.579    0.037   -0.016    0.001   -0.380    0.000   -0.937 
PEP219    LIGAND      -5.338    1.887   -0.313   -1.492   -2.420    0.000   -7.676 
PEP226    LIGAND      -0.009    1.212   -0.024    0.175   -1.648    0.000   -0.294 
PEP227    LIGAND       0.041    1.200   -0.020    0.059   -1.384    0.000   -0.103 
HOH1      LIGAND       0.607    0.384   -0.028    0.258   -0.859    0.000    0.362 
HOH2      LIGAND       0.490    0.010   -0.002    0.209   -0.192    0.000    0.515 
ASP189    All         -6.984    0.747   -0.120   -3.558   -1.823    0.000  -11.737 
ALA190    All         -0.554    2.280   -0.025    0.176   -2.642    0.000   -0.766 
CYS191    All         -0.904    1.616   -0.040   -0.192   -2.248    0.000   -1.767 
GLN192    All          0.586    0.873   -0.166    0.082   -1.496    0.000   -0.121 
SER195    All         -1.009    1.138   -0.132   -0.228   -1.584    0.000   -1.816 
VAL213    All         -0.593    3.275   -0.165   -0.067   -3.407    0.000   -0.958 
SER214    All          0.542    0.006   -0.010   -0.117   -0.250    0.000    0.171 
TRP215    All         -0.862    1.755   -0.015    0.145   -2.094    0.000   -1.071 
GLY216    All         -0.007    1.189   -0.014   -0.112   -1.501    0.000   -0.444 
GLU217    All          0.008    0.001   -0.004    0.148   -0.133    0.000    0.020 
GLY219    All          1.261    0.018   -0.040    0.312   -0.321    0.000    1.229 
CYS220    All         -0.344    0.144   -0.086    0.103   -0.775    0.000   -0.959 
GLY226    All         -1.044    3.022   -0.070   -0.133   -2.365    0.000   -0.590 
ILE227    All         -0.277    0.006   -0.002    0.056   -0.221    0.000   -0.438 
TYR228    All         -0.375    0.886   -0.025    0.156   -2.411    0.000   -1.768 
DIS27     All          2.515    2.303   -0.412    0.379   -3.321    0.000    1.465 
PEP189    All          0.409    0.020   -0.006    0.259   -0.444    0.000    0.238 
PEP190    All         -2.698    2.444   -0.045   -1.688   -3.269    0.000   -5.255 
PEP191    All         -2.930    0.842   -0.082    0.004   -3.170    0.000   -5.335 
PEP213    All         -1.163    0.231   -0.050   -0.031   -0.894    0.000   -1.907 
PEP214    All         -2.689    1.089   -0.073    0.112   -2.465    0.000   -4.026 
PEP215    All          1.360    2.470   -0.034   -0.158   -4.903    0.000   -1.266 
PEP216    All         -3.637    2.649   -0.090   -0.587   -2.779    0.000   -4.443 
PEP217    All          0.556    0.001   -0.005    0.022   -0.137    0.000    0.437 
PEP218    All         -0.579    0.037   -0.016    0.001   -0.380    0.000   -0.937 
PEP219    All         -5.338    1.887   -0.313   -1.492   -2.420    0.000   -7.676 
PEP226    All         -0.009    1.212   -0.024    0.175   -1.648    0.000   -0.294 
PEP227    All          0.041    1.200   -0.020    0.059   -1.384    0.000   -0.103 
HOH1      All          0.607    0.384   -0.028    0.258   -0.859    0.000    0.362 
HOH2      All          0.490    0.010   -0.002    0.209   -0.192    0.000    0.515 
All       LIGAND     -23.620   33.735   -2.112   -5.707  -51.536    0.000  -49.239 
All       All        -23.620   33.735   -2.112   -5.707  -51.536    0.000  -49.239 

  ==> F-ISAPT: Links 50-50 <==

   => Full Analysis <=

Frag1     Frag2         Elst     Exch    IndAB    IndBA     Disp    EDisp    Total 
ASP189    LIGAND      -6.949    0.747   -0.120   -3.536   -1.811    0.000  -11.668 
ALA190    LIGAND      -0.450    2.257   -0.024    0.198   -2.498    0.000   -0.517 
CYS191    LIGAND      -0.630    1.589   -0.029   -0.182   -1.880    0.000   -1.131 
GLN192    LIGAND       0.689    0.862   -0.160    0.081   -1.389    0.000    0.084 
SER195    LIGAND      -1.009    1.138   -0.132   -0.228   -1.584    0.000   -1.816 
VAL213    LIGAND      -0.558    3.274   -0.164   -0.075   -3.373    0.000   -0.896 
SER214    LIGAND       0.743    0.002   -0.006   -0.087   -0.140    0.000    0.513 
TRP215    LIGAND      -0.927    1.630   -0.012    0.011   -1.718    0.000   -1.016 
GLY216    LIGAND       0.075    1.159   -0.011   -0.110   -1.233    0.000   -0.121 
GLU217    LIGAND       0.188    0.000   -0.003    0.207   -0.094    0.000    0.299 
GLY219    LIGAND       1.114    0.012   -0.032    0.277   -0.234    0.000    1.138 
CYS220    LIGAND       0.140    0.087   -0.061    0.176   -0.556    0.000   -0.213 
GLY226    LIGAND      -1.423    2.962   -0.066   -0.186   -2.211    0.000   -0.925 
ILE227    LIGAND      -0.354    0.008   -0.001    0.075   -0.118    0.000   -0.390 
TYR228    LIGAND      -0.387    0.886   -0.025    0.162   -2.402    0.000   -1.765 
DIS27     LIGAND       3.229    2.243   -0.380    0.488   -3.033    0.000    2.547 
PEP189    LIGAND       0.545    0.019   -0.005    0.355   -0.376    0.000    0.539 
PEP190    LIGAND      -2.461    2.410   -0.043   -1.614   -2.998    0.000   -4.706 
PEP191    LIGAND      -2.839    0.806   -0.069   -0.088   -2.823    0.000   -5.014 
PEP213    LIGAND      -0.967    0.230   -0.046   -0.038   -0.798    0.000   -1.619 
PEP214    LIGAND      -2.568    1.045   -0.069    0.138   -2.210    0.000   -3.663 
PEP215    LIGAND       1.178    2.333   -0.031   -0.366   -4.443    0.000   -1.329 
PEP216    LIGAND      -3.321    2.643   -0.087   -0.475   -2.617    0.000   -3.858 
PEP217    LIGAND       0.720    0.001   -0.004    0.068   -0.098    0.000    0.687 
PEP218    LIGAND      -0.186    0.037   -0.012    0.066   -0.310    0.000   -0.405 
PEP219    LIGAND      -5.653    1.881   -0.303   -1.551   -2.326    0.000   -7.952 
PEP226    LIGAND      -0.440    1.147   -0.019    0.134   -1.397    0.000   -0.575 
PEP227    LIGAND      -0.043    1.202   -0.019    0.076   -1.328    0.000   -0.113 
HOH1      LIGAND       0.607    0.384   -0.028    0.258   -0.859    0.000    0.362 
HOH2      LIGAND       0.490    0.010   -0.002    0.209   -0.192    0.000    0.515 
Link-1    LIGAND      -0.230   -0.000   -0.002   -0.064   -0.045    0.000  -0.340 
Link-2    LIGAND       0.654    0.011   -0.013    0.109   -0.114    0.000   0.646 
Link-3    LIGAND      -0.258    0.028   -0.017    0.002   -0.269    0.000  -0.514 
Link-4    LIGAND      -0.046    0.070   -0.002    0.009   -0.313    0.000  -0.282 
Link-5    LIGAND       0.171    0.195   -0.003    0.264   -0.503    0.000   0.125 
Link-6    LIGAND      -0.137    0.000   -0.001   -0.039   -0.039    0.000  -0.216 
Link-7    LIGAND      -0.276    0.001   -0.001   -0.097   -0.048    0.000  -0.421 
Link-8    LIGAND      -0.269    0.000   -0.003   -0.002   -0.101    0.000  -0.375 
Link-9    LIGAND      -0.072    0.001   -0.004    0.015   -0.071    0.000  -0.130 
Link-10   LIGAND       0.127    0.039   -0.005    0.181   -0.366    0.000  -0.025 
Link-11   LIGAND       0.028    0.000   -0.000   -0.015   -0.021    0.000  -0.008 
Link-12   LIGAND      -0.185    0.006   -0.005   -0.060   -0.142    0.000  -0.386 
Link-13   LIGAND       0.032   -0.002   -0.001   -0.028   -0.146    0.000  -0.145 
Link-14   LIGAND      -0.020    0.001   -0.006    0.007   -0.061    0.000  -0.078 
Link-15   LIGAND      -0.338    0.020   -0.002   -0.179   -0.268    0.000  -0.768 
Link-16   LIGAND      -0.073    0.045   -0.001    0.061   -0.218    0.000  -0.187 
Link-17   LIGAND       0.131   -0.003   -0.001   -0.015   -0.084    0.000   0.029 
Link-18   LIGAND      -0.985    0.117   -0.049   -0.157   -0.404    0.000  -1.478 
Link-19   LIGAND      -0.438    0.001   -0.006   -0.047   -0.073    0.000  -0.564 
Link-20   LIGAND      -0.404    0.000   -0.013   -0.054   -0.157    0.000  -0.628 
Link-21   LIGAND      -0.073    0.000   -0.001   -0.047   -0.025    0.000  -0.145 
Link-22   LIGAND       0.160    0.063   -0.002    0.124   -0.344    0.000   0.001 
Link-23   LIGAND      -0.168    0.002   -0.001   -0.123   -0.094    0.000  -0.384 
Link-24   LIGAND      -0.298    0.010   -0.003   -0.106   -0.263    0.000  -0.660 
Link-25   LIGAND       0.791    0.126   -0.007    0.110   -0.320    0.000   0.701 
ASP189    All         -6.949    0.747   -0.120   -3.536   -1.811    0.000  -11.668 
ALA190    All         -0.450    2.257   -0.024    0.198   -2.498    0.000   -0.517 
CYS191    All         -0.630    1.589   -0.029   -0.182   -1.880    0.000   -1.131 
GLN192    All          0.689    0.862   -0.160    0.081   -1.389    0.000    0.084 
SER195    All         -1.009    1.138   -0.132   -0.228   -1.584    0.000   -1.816 
VAL213    All         -0.558    3.274   -0.164   -0.075   -3.373    0.000   -0.896 
SER214    All          0.743    0.002   -0.006   -0.087   -0.140    0.000    0.513 
TRP215    All         -0.927    1.630   -0.012    0.011   -1.718    0.000   -1.016 
GLY216    All          0.075    1.159   -0.011   -0.110   -1.233    0.000   -0.121 
GLU217    All          0.188    0.000   -0.003    0.207   -0.094    0.000    0.299 
GLY219    All          1.114    0.012   -0.032    0.277   -0.234    0.000    1.138 
CYS220    All          0.140    0.087   -0.061    0.176   -0.556    0.000   -0.213 
GLY226    All         -1.423    2.962   -0.066   -0.186   -2.211    0.000   -0.925 
ILE227    All         -0.354    0.008   -0.001    0.075   -0.118    0.000   -0.390 
TYR228    All         -0.387    0.886   -0.025    0.162   -2.402    0.000   -1.765 
DIS27     All          3.229    2.243   -0.380    0.488   -3.033    0.000    2.547 
PEP189    All          0.545    0.019   -0.005    0.355   -0.376    0.000    0.539 
PEP190    All         -2.461    2.410   -0.043   -1.614   -2.998    0.000   -4.706 
PEP191    All         -2.839    0.806   -0.069   -0.088   -2.823    0.000   -5.014 
PEP213    All         -0.967    0.230   -0.046   -0.038   -0.798    0.000   -1.619 
PEP214    All         -2.568    1.045   -0.069    0.138   -2.210    0.000   -3.663 
PEP215    All          1.178    2.333   -0.031   -0.366   -4.443    0.000   -1.329 
PEP216    All         -3.321    2.643   -0.087   -0.475   -2.617    0.000   -3.858 
PEP217    All          0.720    0.001   -0.004    0.068   -0.098    0.000    0.687 
PEP218    All         -0.186    0.037   -0.012    0.066   -0.310    0.000   -0.405 
PEP219    All         -5.653    1.881   -0.303   -1.551   -2.326    0.000   -7.952 
PEP226    All         -0.440    1.147   -0.019    0.134   -1.397    0.000   -0.575 
PEP227    All         -0.043    1.202   -0.019    0.076   -1.328    0.000   -0.113 
HOH1      All          0.607    0.384   -0.028    0.258   -0.859    0.000    0.362 
HOH2      All          0.490    0.010   -0.002    0.209   -0.192    0.000    0.515 
Link-1    All         -0.230   -0.000   -0.002   -0.064   -0.045    0.000   -0.340 
Link-2    All          0.654    0.011   -0.013    0.109   -0.114    0.000    0.646 
Link-3    All         -0.258    0.028   -0.017    0.002   -0.269    0.000   -0.514 
Link-4    All         -0.046    0.070   -0.002    0.009   -0.313    0.000   -0.282 
Link-5    All          0.171    0.195   -0.003    0.264   -0.503    0.000    0.125 
Link-6    All         -0.137    0.000   -0.001   -0.039   -0.039    0.000   -0.216 
Link-7    All         -0.276    0.001   -0.001   -0.097   -0.048    0.000   -0.421 
Link-8    All         -0.269    0.000   -0.003   -0.002   -0.101    0.000   -0.375 
Link-9    All         -0.072    0.001   -0.004    0.015   -0.071    0.000   -0.130 
Link-10   All          0.127    0.039   -0.005    0.181   -0.366    0.000   -0.025 
Link-11   All          0.028    0.000   -0.000   -0.015   -0.021    0.000   -0.008 
Link-12   All         -0.185    0.006   -0.005   -0.060   -0.142    0.000   -0.386 
Link-13   All          0.032   -0.002   -0.001   -0.028   -0.146    0.000   -0.145 
Link-14   All         -0.020    0.001   -0.006    0.007   -0.061    0.000   -0.078 
Link-15   All         -0.338    0.020   -0.002   -0.179   -0.268    0.000   -0.768 
Link-16   All         -0.073    0.045   -0.001    0.061   -0.218    0.000   -0.187 
Link-17   All          0.131   -0.003   -0.001   -0.015   -0.084    0.000    0.029 
Link-18   All         -0.985    0.117   -0.049   -0.157   -0.404    0.000   -1.478 
Link-19   All         -0.438    0.001   -0.006   -0.047   -0.073    0.000   -0.564 
Link-20   All         -0.404    0.000   -0.013   -0.054   -0.157    0.000   -0.628 
Link-21   All         -0.073    0.000   -0.001   -0.047   -0.025    0.000   -0.145 
Link-22   All          0.160    0.063   -0.002    0.124   -0.344    0.000    0.001 
Link-23   All         -0.168    0.002   -0.001   -0.123   -0.094    0.000   -0.384 
Link-24   All         -0.298    0.010   -0.003   -0.106   -0.263    0.000   -0.660 
Link-25   All          0.791    0.126   -0.007    0.110   -0.320    0.000    0.701 
All       LIGAND     -23.620   33.735   -2.112   -5.707  -51.536    0.000  -49.239 
All       All        -23.620   33.735   -2.112   -5.707  -51.536    0.000  -49.239 

   => Reduced Analysis <=

Frag1     Frag2         Elst     Exch    IndAB    IndBA     Disp    EDisp    Total 
ASP189    LIGAND      -6.985    0.747   -0.120   -3.559   -1.823    0.000  -11.740 
ALA190    LIGAND      -0.570    2.281   -0.026    0.167   -2.654    0.000   -0.802 
CYS191    LIGAND      -0.937    1.618   -0.040   -0.207   -2.275    0.000   -1.841 
GLN192    LIGAND       0.560    0.876   -0.168    0.082   -1.523    0.000   -0.173 
SER195    LIGAND      -1.009    1.138   -0.132   -0.228   -1.584    0.000   -1.816 
VAL213    LIGAND      -0.594    3.275   -0.166   -0.067   -3.408    0.000   -0.960 
SER214    LIGAND       0.516    0.006   -0.011   -0.117   -0.261    0.000    0.133 
TRP215    LIGAND      -0.865    1.763   -0.015    0.147   -2.125    0.000   -1.095 
GLY216    LIGAND       0.006    1.195   -0.014   -0.101   -1.537    0.000   -0.450 
GLU217    LIGAND      -0.018    0.001   -0.004    0.139   -0.137    0.000   -0.019 
GLY219    LIGAND       1.221    0.018   -0.041    0.308   -0.328    0.000    1.179 
CYS220    LIGAND      -0.362    0.146   -0.088    0.101   -0.789    0.000   -0.992 
GLY226    LIGAND      -1.028    3.025   -0.070   -0.131   -2.371    0.000   -0.575 
ILE227    LIGAND      -0.273    0.006   -0.002    0.053   -0.233    0.000   -0.449 
TYR228    LIGAND      -0.372    0.886   -0.025    0.155   -2.413    0.000   -1.769 
DIS27     LIGAND       2.534    2.301   -0.411    0.382   -3.313    0.000    1.494 
PEP189    LIGAND       0.425    0.019   -0.006    0.270   -0.435    0.000    0.274 
PEP190    LIGAND      -2.666    2.442   -0.045   -1.673   -3.241    0.000   -5.183 
PEP191    LIGAND      -2.905    0.839   -0.080    0.003   -3.141    0.000   -5.283 
PEP213    LIGAND      -1.138    0.231   -0.049   -0.031   -0.884    0.000   -1.871 
PEP214    LIGAND      -2.683    1.083   -0.073    0.112   -2.437    0.000   -3.997 
PEP215    LIGAND       1.344    2.462   -0.034   -0.172   -4.866    0.000   -1.266 
PEP216    LIGAND      -3.608    2.649   -0.090   -0.577   -2.772    0.000   -4.398 
PEP217    LIGAND       0.537    0.001   -0.005    0.017   -0.141    0.000    0.409 
PEP218    LIGAND      -0.520    0.037   -0.016    0.011   -0.369    0.000   -0.858 
PEP219    LIGAND      -5.336    1.887   -0.312   -1.493   -2.414    0.000   -7.668 
PEP226    LIGAND      -0.028    1.209   -0.023    0.175   -1.630    0.000   -0.297 
PEP227    LIGAND       0.037    1.200   -0.020    0.061   -1.380    0.000   -0.103 
HOH1      LIGAND       0.607    0.384   -0.028    0.258   -0.859    0.000    0.362 
HOH2      LIGAND       0.490    0.010   -0.002    0.209   -0.192    0.000    0.515 
ASP189    All         -6.985    0.747   -0.120   -3.559   -1.823    0.000  -11.740 
ALA190    All         -0.570    2.281   -0.026    0.167   -2.654    0.000   -0.802 
CYS191    All         -0.937    1.618   -0.040   -0.207   -2.275    0.000   -1.841 
GLN192    All          0.560    0.876   -0.168    0.082   -1.523    0.000   -0.173 
SER195    All         -1.009    1.138   -0.132   -0.228   -1.584    0.000   -1.816 
VAL213    All         -0.594    3.275   -0.166   -0.067   -3.408    0.000   -0.960 
SER214    All          0.516    0.006   -0.011   -0.117   -0.261    0.000    0.133 
TRP215    All         -0.865    1.763   -0.015    0.147   -2.125    0.000   -1.095 
GLY216    All          0.006    1.195   -0.014   -0.101   -1.537    0.000   -0.450 
GLU217    All         -0.018    0.001   -0.004    0.139   -0.137    0.000   -0.019 
GLY219    All          1.221    0.018   -0.041    0.308   -0.328    0.000    1.179 
CYS220    All         -0.362    0.146   -0.088    0.101   -0.789    0.000   -0.992 
GLY226    All         -1.028    3.025   -0.070   -0.131   -2.371    0.000   -0.575 
ILE227    All         -0.273    0.006   -0.002    0.053   -0.233    0.000   -0.449 
TYR228    All         -0.372    0.886   -0.025    0.155   -2.413    0.000   -1.769 
DIS27     All          2.534    2.301   -0.411    0.382   -3.313    0.000    1.494 
PEP189    All          0.425    0.019   -0.006    0.270   -0.435    0.000    0.274 
PEP190    All         -2.666    2.442   -0.045   -1.673   -3.241    0.000   -5.183 
PEP191    All         -2.905    0.839   -0.080    0.003   -3.141    0.000   -5.283 
PEP213    All         -1.138    0.231   -0.049   -0.031   -0.884    0.000   -1.871 
PEP214    All         -2.683    1.083   -0.073    0.112   -2.437    0.000   -3.997 
PEP215    All          1.344    2.462   -0.034   -0.172   -4.866    0.000   -1.266 
PEP216    All         -3.608    2.649   -0.090   -0.577   -2.772    0.000   -4.398 
PEP217    All          0.537    0.001   -0.005    0.017   -0.141    0.000    0.409 
PEP218    All         -0.520    0.037   -0.016    0.011   -0.369    0.000   -0.858 
PEP219    All         -5.336    1.887   -0.312   -1.493   -2.414    0.000   -7.668 
PEP226    All         -0.028    1.209   -0.023    0.175   -1.630    0.000   -0.297 
PEP227    All          0.037    1.200   -0.020    0.061   -1.380    0.000   -0.103 
HOH1      All          0.607    0.384   -0.028    0.258   -0.859    0.000    0.362 
HOH2      All          0.490    0.010   -0.002    0.209   -0.192    0.000    0.515 
All       LIGAND     -23.620   33.735   -2.112   -5.707  -51.536    0.000  -49.239 
All       All        -23.620   33.735   -2.112   -5.707  -51.536    0.000  -49.239 

